,Id,y
0,10000.0,-19.68209404899075
1,10001.0,245.39946512081707
2,10002.0,-375.53964718934935
3,10003.0,210.7753487882261
4,10004.0,-161.73829712033555
5,10005.0,-212.5221337651304
6,10006.0,-346.53502592818484
7,10007.0,425.79706015188185
8,10008.0,-283.75933684182667
9,10009.0,283.9237616078578
10,10010.0,14.71201129958139
11,10011.0,487.39874974226467
12,10012.0,-53.09017299792509
13,10013.0,104.26621486552644
14,10014.0,-450.692540849906
15,10015.0,453.5089414185525
16,10016.0,179.44902386441757
17,10017.0,-156.78843226188303
18,10018.0,178.0782643653923
19,10019.0,-101.41794150096034
20,10020.0,149.03185362629088
21,10021.0,523.5000967066441
22,10022.0,443.19422858366323
23,10023.0,-31.875094518926772
24,10024.0,-17.355028881492967
25,10025.0,-321.0631524167164
26,10026.0,-97.1605080930575
27,10027.0,-36.566637911390956
28,10028.0,361.2499703028697
29,10029.0,154.36564136910064
30,10030.0,331.0100948008375
31,10031.0,715.3122276473621
32,10032.0,239.65890502718074
33,10033.0,-40.47666581367818
34,10034.0,67.20491217036425
35,10035.0,360.42106004960016
36,10036.0,368.33663854171306
37,10037.0,462.9405530422738
38,10038.0,-281.3673805452445
39,10039.0,-3.4236003495542904
40,10040.0,-353.730669837993
41,10041.0,-344.4223549162455
42,10042.0,242.521036780956
43,10043.0,309.1806833258846
44,10044.0,-3.0398098393332647
45,10045.0,-330.53615340292924
46,10046.0,253.98153106694
47,10047.0,-303.23188415275024
48,10048.0,-210.99105003861
49,10049.0,350.9150861651382
50,10050.0,-583.6934734519542
51,10051.0,-355.8739751168476
52,10052.0,271.0825840975576
53,10053.0,-71.53271458328487
54,10054.0,371.5210748712703
55,10055.0,-212.10500777891957
56,10056.0,149.6852721409575
57,10057.0,-13.046251217902505
58,10058.0,349.22223373785164
59,10059.0,-15.605211413693585
60,10060.0,103.72875026983041
61,10061.0,12.596242895234528
62,10062.0,446.3945745460132
63,10063.0,54.185017823211275
64,10064.0,695.0336760244949
65,10065.0,-551.1969315684673
66,10066.0,-103.96615617091139
67,10067.0,31.331471099229628
68,10068.0,317.078395256237
69,10069.0,199.89540856142528
70,10070.0,114.40571114694004
71,10071.0,-108.35252772742197
72,10072.0,600.2829789842453
73,10073.0,-23.755835024829306
74,10074.0,-22.23320008528742
75,10075.0,-64.03870263883529
76,10076.0,-251.48522946779465
77,10077.0,303.6787319644057
78,10078.0,294.946672538637
79,10079.0,274.08335212341416
80,10080.0,-456.1545523588042
81,10081.0,332.53593654230093
82,10082.0,-183.6175722175986
83,10083.0,317.5403112214427
84,10084.0,-243.2281652734365
85,10085.0,-113.89860135258913
86,10086.0,-68.964896264617
87,10087.0,-517.1133888218034
88,10088.0,-145.5506189141295
89,10089.0,94.52774593476232
90,10090.0,-151.74511461446107
91,10091.0,45.44772803401814
92,10092.0,135.9645604778147
93,10093.0,405.1327978203758
94,10094.0,758.5058159728341
95,10095.0,-224.0356073867609
96,10096.0,385.07095552426324
97,10097.0,-21.127869301479112
98,10098.0,119.69578051596525
99,10099.0,-77.45593911586678
100,10100.0,168.59191608101455
101,10101.0,-70.05664563898146
102,10102.0,-71.70401890481386
103,10103.0,-153.6135178795186
104,10104.0,-334.0199604391587
105,10105.0,-23.50972748190001
106,10106.0,233.3846094717568
107,10107.0,122.13907593344241
108,10108.0,217.63428835685139
109,10109.0,-14.212267524513747
110,10110.0,95.47066519605652
111,10111.0,-544.9252391531779
112,10112.0,-246.10452203236648
113,10113.0,333.6098592313873
114,10114.0,-59.57259700908151
115,10115.0,-681.5435611415611
116,10116.0,16.925306929382728
117,10117.0,-334.86090132403683
118,10118.0,51.10370762702286
119,10119.0,153.55949586116893
120,10120.0,-31.098456545564016
121,10121.0,-506.2207815679848
122,10122.0,436.28073371496544
123,10123.0,-742.7563199535658
124,10124.0,138.1586538031813
125,10125.0,82.63051982331778
126,10126.0,6.451342648067236
127,10127.0,-423.66450133888736
128,10128.0,-222.84550234254317
129,10129.0,-223.20649842813017
130,10130.0,84.17155987870044
131,10131.0,-17.94737364209356
132,10132.0,-152.51505990737257
133,10133.0,-40.89536259998365
134,10134.0,657.3702048992092
135,10135.0,292.9215648585998
136,10136.0,-232.84862833648867
137,10137.0,97.28359295408013
138,10138.0,-453.0673243986866
139,10139.0,34.7632510934445
140,10140.0,-430.4925553210839
141,10141.0,-164.15066976266138
142,10142.0,-345.9424161441415
143,10143.0,-303.7755035143551
144,10144.0,525.7958460922549
145,10145.0,-357.51340715319265
146,10146.0,308.47668190611023
147,10147.0,-133.86500285106425
148,10148.0,474.36676526832156
149,10149.0,-61.68635656298167
150,10150.0,-63.817390016561276
151,10151.0,11.305999463347609
152,10152.0,115.97782473132067
153,10153.0,-330.7761444899331
154,10154.0,386.071300193549
155,10155.0,241.65642845188705
156,10156.0,692.3260102007048
157,10157.0,-64.12156141180287
158,10158.0,-171.9029296483389
159,10159.0,-626.6451691551024
160,10160.0,99.08639292143353
161,10161.0,-390.86683858372675
162,10162.0,-407.6979192614584
163,10163.0,-232.77978338011903
164,10164.0,-601.7315459864244
165,10165.0,188.59802597163844
166,10166.0,78.44050176176367
167,10167.0,-260.6500549657681
168,10168.0,273.8756561529983
169,10169.0,119.93198408063594
170,10170.0,-114.70045123563922
171,10171.0,4.529705612881458
172,10172.0,-45.230920823403785
173,10173.0,633.8606126815921
174,10174.0,446.16733109515275
175,10175.0,150.0175225373663
176,10176.0,-419.0103184553732
177,10177.0,-248.44006306136518
178,10178.0,138.09562522237974
179,10179.0,135.91087050101254
180,10180.0,57.52787320846209
181,10181.0,-213.56503712498508
182,10182.0,-351.00103533152304
183,10183.0,242.3748685106751
184,10184.0,-190.1222764901719
185,10185.0,149.3549122370486
186,10186.0,-67.15364515794846
187,10187.0,5.8010795541494
188,10188.0,382.02343037680595
189,10189.0,-612.0236405769319
190,10190.0,-244.57898840494198
191,10191.0,219.50296904735418
192,10192.0,220.350282946531
193,10193.0,-16.555069852837416
194,10194.0,-93.46416572218695
195,10195.0,360.2128563479613
196,10196.0,441.36276034665514
197,10197.0,-25.0865208653454
198,10198.0,129.5574411377139
199,10199.0,329.64329115538993
200,10200.0,194.01762114703112
201,10201.0,119.62213042112091
202,10202.0,138.34238920652987
203,10203.0,151.99421702843344
204,10204.0,32.589510059499595
205,10205.0,-49.55737358474422
206,10206.0,574.610523665583
207,10207.0,-203.56124593417385
208,10208.0,-123.15659962412126
209,10209.0,369.93917733224924
210,10210.0,82.8595818506328
211,10211.0,-65.86865760003813
212,10212.0,-184.8233767795883
213,10213.0,183.60041339513035
214,10214.0,104.56275633567996
215,10215.0,210.36030301281968
216,10216.0,-353.165641713201
217,10217.0,-139.9003319099709
218,10218.0,331.41075765107576
219,10219.0,-157.02225759342932
220,10220.0,-28.21267750328749
221,10221.0,-21.63782237399529
222,10222.0,75.76459428687659
223,10223.0,760.797906059297
224,10224.0,150.55348887783674
225,10225.0,-381.4273619355853
226,10226.0,267.92980455436657
227,10227.0,348.98939307540866
228,10228.0,-477.5277061905783
229,10229.0,-472.4921902886603
230,10230.0,-383.5482009447367
231,10231.0,66.61459282966233
232,10232.0,143.90449319027064
233,10233.0,207.0927588066309
234,10234.0,-42.058428401755435
235,10235.0,496.58164326539907
236,10236.0,-127.41023788537561
237,10237.0,200.1862144273975
238,10238.0,-55.67153327383336
239,10239.0,-47.72688031212275
240,10240.0,-70.40931817985411
241,10241.0,130.1476018121805
242,10242.0,502.5691312704192
243,10243.0,-249.470284770148
244,10244.0,19.005136717981433
245,10245.0,729.4071303619943
246,10246.0,7.622506671897276
247,10247.0,16.475478268756365
248,10248.0,492.75936975256514
249,10249.0,-225.1267743202546
250,10250.0,468.8902276858055
251,10251.0,52.457966677471184
252,10252.0,42.9304905855086
253,10253.0,241.95600236159112
254,10254.0,95.67552933744751
255,10255.0,-478.5111757969201
256,10256.0,-179.7343293052768
257,10257.0,-123.0771991613287
258,10258.0,-295.4487248236141
259,10259.0,29.816357280429102
260,10260.0,380.0997771589628
261,10261.0,310.321370075643
262,10262.0,-126.89307680963698
263,10263.0,-136.2830395824336
264,10264.0,310.7596516267856
265,10265.0,-511.6967900425825
266,10266.0,246.39402884742606
267,10267.0,-271.6644352316639
268,10268.0,142.58719583127763
269,10269.0,158.26651030298657
270,10270.0,59.95216953900215
271,10271.0,-13.119478157178957
272,10272.0,300.70164009671004
273,10273.0,332.0715690193741
274,10274.0,-53.86761102461166
275,10275.0,35.56726636433122
276,10276.0,-374.8335452438629
277,10277.0,289.5817341182813
278,10278.0,-32.166048054030135
279,10279.0,38.33972229402346
280,10280.0,-151.40534880635386
281,10281.0,-40.0132270867194
282,10282.0,-239.13498236504924
283,10283.0,86.32385707638775
284,10284.0,-84.61258656982096
285,10285.0,-218.67631127802022
286,10286.0,-6.4916783309504655
287,10287.0,-116.66862198993047
288,10288.0,-210.04237748745368
289,10289.0,324.72748251079486
290,10290.0,-16.4963633725246
291,10291.0,34.140742180845166
292,10292.0,460.6357215725322
293,10293.0,317.1385652937202
294,10294.0,-40.86842433103875
295,10295.0,-297.0203597571007
296,10296.0,331.25066235864995
297,10297.0,47.9159442827315
298,10298.0,-187.2524436241829
299,10299.0,-520.7326236414916
300,10300.0,-66.92738710388193
301,10301.0,147.8243704745553
302,10302.0,-366.88414988050204
303,10303.0,9.542432560886
304,10304.0,-367.27503857688237
305,10305.0,-224.05969769428594
306,10306.0,410.8200661301153
307,10307.0,-237.52606493342068
308,10308.0,-222.0856641657617
309,10309.0,-123.10384659205747
310,10310.0,695.0954073438368
311,10311.0,-563.2255220775163
312,10312.0,519.8745017447367
313,10313.0,-355.6516597081796
314,10314.0,394.97906516683065
315,10315.0,246.92548716486013
316,10316.0,-149.69792784894
317,10317.0,-294.180216088414
318,10318.0,151.80241225646589
319,10319.0,-234.5914125219257
320,10320.0,285.620655906338
321,10321.0,26.000318753421617
322,10322.0,129.2232472809756
323,10323.0,67.64898854731847
324,10324.0,-539.0258774041835
325,10325.0,146.28988468682357
326,10326.0,-449.74970343555265
327,10327.0,-23.664243995761595
328,10328.0,547.7437204306121
329,10329.0,199.07695802683364
330,10330.0,886.2991798496936
331,10331.0,455.89090844207243
332,10332.0,145.0356456707328
333,10333.0,-94.3343525003088
334,10334.0,232.98458420507092
335,10335.0,-200.70325687365408
336,10336.0,-188.22276173327128
337,10337.0,-237.45938481042552
338,10338.0,-257.6072690385215
339,10339.0,349.63290521845335
340,10340.0,227.39354903308248
341,10341.0,146.5113620243016
342,10342.0,148.98466353992072
343,10343.0,-40.155735741905175
344,10344.0,-13.164445968684374
345,10345.0,-364.26140379705186
346,10346.0,221.039192910502
347,10347.0,-315.2988991010904
348,10348.0,-329.28894672249135
349,10349.0,115.64846700445334
350,10350.0,-267.80263099070214
351,10351.0,-162.7956760107609
352,10352.0,573.5276603509362
353,10353.0,330.6343156812778
354,10354.0,433.01222478277936
355,10355.0,255.0029077740617
356,10356.0,24.82892911080964
357,10357.0,48.61104894292382
358,10358.0,-128.50619518568988
359,10359.0,90.76848428328512
360,10360.0,95.95558387482222
361,10361.0,-26.84378095554072
362,10362.0,106.34496416333893
363,10363.0,290.94079584842785
364,10364.0,337.15264047050744
365,10365.0,26.833212728216004
366,10366.0,-327.54229866511946
367,10367.0,6.480682473565847
368,10368.0,-286.2531027149671
369,10369.0,-34.59981818143834
370,10370.0,140.08020686052188
371,10371.0,-239.24310572236013
372,10372.0,-176.31994021556125
373,10373.0,855.6329393053485
374,10374.0,134.32870305738467
375,10375.0,119.52054877501786
376,10376.0,86.83155132012169
377,10377.0,329.70245807996054
378,10378.0,75.83941326234141
379,10379.0,-220.78568633631454
380,10380.0,540.6797815249204
381,10381.0,53.08095902478464
382,10382.0,-196.30027959088898
383,10383.0,143.11195532805314
384,10384.0,-447.99295106058656
385,10385.0,123.64637963267015
386,10386.0,-172.33378923628996
387,10387.0,-429.46278114671026
388,10388.0,-306.3963237163244
389,10389.0,892.2238433022675
390,10390.0,-62.9367619915888
391,10391.0,489.5560090928313
392,10392.0,115.43213282039163
393,10393.0,715.5737072560694
394,10394.0,-476.2561616393686
395,10395.0,245.223639337347
396,10396.0,-41.96418863326297
397,10397.0,35.162303968175245
398,10398.0,357.5347840734864
399,10399.0,-175.87550055390264
400,10400.0,23.91848779214034
401,10401.0,-26.113885010755805
402,10402.0,147.05767660616522
403,10403.0,45.63828090604076
404,10404.0,-28.516119652546838
405,10405.0,-154.66715947236918
406,10406.0,379.1891002676569
407,10407.0,-513.1827216768986
408,10408.0,108.07079332065462
409,10409.0,-184.096569298283
410,10410.0,-157.8092912900641
411,10411.0,-99.43486999200269
412,10412.0,2.692713042644137
413,10413.0,-429.3890826044142
414,10414.0,-17.889799943542894
415,10415.0,865.0582602419915
416,10416.0,-428.2697373905319
417,10417.0,70.10397417821508
418,10418.0,342.97016178064285
419,10419.0,-77.32339181394673
420,10420.0,-98.97702315445957
421,10421.0,-443.84291449125715
422,10422.0,186.8414051572897
423,10423.0,78.05225080732247
424,10424.0,-48.93901608462044
425,10425.0,22.167705556839106
426,10426.0,353.28632068882956
427,10427.0,660.7698916627668
428,10428.0,116.76569957553136
429,10429.0,-323.2450255567616
430,10430.0,-254.12436322485166
431,10431.0,-50.034456076633106
432,10432.0,-193.8459144204545
433,10433.0,-158.91622587758573
434,10434.0,231.75855218234034
435,10435.0,491.6143441283106
436,10436.0,476.7386263839301
437,10437.0,355.5068442206233
438,10438.0,-186.7762174142423
439,10439.0,-602.6194190579845
440,10440.0,-181.77572472635967
441,10441.0,-174.64358881074799
442,10442.0,493.9541764550061
443,10443.0,434.88461956219925
444,10444.0,259.47088784132
445,10445.0,-77.9535415952414
446,10446.0,-198.65174590197267
447,10447.0,-43.394295773715335
448,10448.0,-187.03975540850286
449,10449.0,-272.7446345977331
450,10450.0,-229.3260459823572
451,10451.0,-309.82608693440073
452,10452.0,490.37388410144024
453,10453.0,75.7855083332354
454,10454.0,-98.3768968917482
455,10455.0,242.52086324124397
456,10456.0,403.38645777735866
457,10457.0,298.3169999186621
458,10458.0,135.97952189504431
459,10459.0,-284.86791151846535
460,10460.0,10.842403115160561
461,10461.0,-54.458739787121516
462,10462.0,280.76240257611056
463,10463.0,338.3576708989814
464,10464.0,125.6978941342774
465,10465.0,-342.95995151238833
466,10466.0,68.1897823099229
467,10467.0,305.8250218836091
468,10468.0,-306.4583419829621
469,10469.0,325.1092753071608
470,10470.0,301.6030702495813
471,10471.0,-551.2466140617049
472,10472.0,-10.073148488793935
473,10473.0,-681.677687412617
474,10474.0,219.22717837566762
475,10475.0,47.55324715087574
476,10476.0,-227.01080935952479
477,10477.0,230.48187332074014
478,10478.0,-142.22021390963343
479,10479.0,371.57039627155024
480,10480.0,-21.12431298659305
481,10481.0,-431.9147839824652
482,10482.0,85.75701115928436
483,10483.0,-351.8153172951999
484,10484.0,-5.564259975224274
485,10485.0,57.19498483536323
486,10486.0,-26.355380769396287
487,10487.0,-605.8328414892587
488,10488.0,-125.4742801423052
489,10489.0,-200.41418395017547
490,10490.0,-224.84764747359722
491,10491.0,-226.19652618026063
492,10492.0,-147.34286984547725
493,10493.0,-393.9669941948611
494,10494.0,39.650803328228356
495,10495.0,167.3094222692082
496,10496.0,-403.6544058484906
497,10497.0,-65.24169589493138
498,10498.0,-54.406125682607446
499,10499.0,132.89614176785892
500,10500.0,-68.85476507766532
501,10501.0,-30.00687562745643
502,10502.0,490.9515271684566
503,10503.0,-345.48398428867927
504,10504.0,229.1793071321257
505,10505.0,355.6931079372213
506,10506.0,74.14094219068835
507,10507.0,-79.74130288621966
508,10508.0,2.4424259236093726
509,10509.0,-103.41135387189223
510,10510.0,-471.1445402247269
511,10511.0,127.41167201415561
512,10512.0,-131.7764950124947
513,10513.0,-164.6815272599145
514,10514.0,22.678345993402758
515,10515.0,-287.3728828940412
516,10516.0,30.18917234145178
517,10517.0,-29.99334498431147
518,10518.0,204.47040948023317
519,10519.0,658.0966939911481
520,10520.0,-7.853122676316865
521,10521.0,296.45771914977735
522,10522.0,-207.4354981949129
523,10523.0,-204.94651451657975
524,10524.0,607.1602268076576
525,10525.0,132.8393052047692
526,10526.0,-55.642352674862074
527,10527.0,795.2347627679876
528,10528.0,174.3862308488246
529,10529.0,-259.45255429948566
530,10530.0,492.3278942413369
531,10531.0,437.43264263046024
532,10532.0,-280.5206728058079
533,10533.0,182.26919154174377
534,10534.0,120.21412819138928
535,10535.0,301.9929034722124
536,10536.0,740.7893260143121
537,10537.0,-296.9847608275189
538,10538.0,-149.173593884652
539,10539.0,180.3471182641342
540,10540.0,392.7402639995223
541,10541.0,-286.4764391864424
542,10542.0,549.3364582918973
543,10543.0,-226.90646922669433
544,10544.0,328.18471452518384
545,10545.0,75.7459643637986
546,10546.0,357.700915818478
547,10547.0,25.488897422576063
548,10548.0,329.1215003885815
549,10549.0,127.16883451555842
550,10550.0,-103.07250329236754
551,10551.0,112.59604128928275
552,10552.0,-139.3571967095946
553,10553.0,575.3376448795319
554,10554.0,-147.19703280499738
555,10555.0,-174.25038419829292
556,10556.0,-325.98343128031615
557,10557.0,-253.46876700946072
558,10558.0,-154.78527951545527
559,10559.0,151.54525983731443
560,10560.0,765.3838598894586
561,10561.0,165.01463385289665
562,10562.0,-163.0342076252904
563,10563.0,-441.68101105169455
564,10564.0,200.49645746894555
565,10565.0,-3.2563708686892983
566,10566.0,-318.4241022692253
567,10567.0,-72.66326063227532
568,10568.0,-137.19044470802575
569,10569.0,266.2344400551448
570,10570.0,65.00159482427102
571,10571.0,-206.17489736472558
572,10572.0,-433.1256145317108
573,10573.0,-261.02588435464787
574,10574.0,285.8722078632728
575,10575.0,208.6757084093087
576,10576.0,387.6413748637601
577,10577.0,-223.03250320369
578,10578.0,-147.8280958145392
579,10579.0,-98.24630446662682
580,10580.0,-217.5632793313634
581,10581.0,-347.5230506256539
582,10582.0,292.9347420702438
583,10583.0,-251.13908406337077
584,10584.0,-107.45486537304673
585,10585.0,269.62855239567745
586,10586.0,-26.69555182663554
587,10587.0,408.6146919589811
588,10588.0,-149.16037185946533
589,10589.0,-529.2313024277698
590,10590.0,428.7948555038306
591,10591.0,-625.176487874527
592,10592.0,-136.96463816038516
593,10593.0,-666.6361007703262
594,10594.0,-247.4471880653354
595,10595.0,42.066024029213395
596,10596.0,297.15417332629795
597,10597.0,-96.32127941229675
598,10598.0,-47.83996496657979
599,10599.0,434.3819533850882
600,10600.0,520.9150188207307
601,10601.0,67.39727838385598
602,10602.0,-167.57098390990384
603,10603.0,93.92745990111531
604,10604.0,-630.1767530208263
605,10605.0,-298.6128991345725
606,10606.0,-183.21423307656113
607,10607.0,171.71478313890648
608,10608.0,122.14502180825951
609,10609.0,193.65301558023498
610,10610.0,-18.305929891530003
611,10611.0,484.6465677213115
612,10612.0,505.71297267033236
613,10613.0,-78.59298725592032
614,10614.0,-319.48546128892116
615,10615.0,105.82301194991209
616,10616.0,-199.0154961532042
617,10617.0,-105.10066741522147
618,10618.0,-130.36167141804796
619,10619.0,-246.75687892332198
620,10620.0,-375.35400719028644
621,10621.0,-115.20010426445118
622,10622.0,-132.45508424639903
623,10623.0,469.7873077825913
624,10624.0,-1.2826576804880858
625,10625.0,329.20361990338154
626,10626.0,218.10847048438734
627,10627.0,348.2962783563625
628,10628.0,142.42524391770257
629,10629.0,596.7327286558153
630,10630.0,438.57355370467997
631,10631.0,-108.45918176189834
632,10632.0,-433.61600940279914
633,10633.0,618.3875842166408
634,10634.0,-443.92152271528045
635,10635.0,-245.44770822712124
636,10636.0,128.39809692407033
637,10637.0,232.77212834736554
638,10638.0,-104.79490073913698
639,10639.0,-97.12286986523432
640,10640.0,-273.65075888041855
641,10641.0,373.093599064525
642,10642.0,-32.952000804599365
643,10643.0,-290.7417399345556
644,10644.0,-40.086453504232416
645,10645.0,219.24680991615614
646,10646.0,-121.15137739134838
647,10647.0,-29.650114675100546
648,10648.0,-124.31357516085453
649,10649.0,377.61571067130956
650,10650.0,219.92270101220862
651,10651.0,-351.1430335284174
652,10652.0,-219.42617420421868
653,10653.0,443.90173321442626
654,10654.0,-155.83511872198164
655,10655.0,24.684665837702028
656,10656.0,-253.1896527665521
657,10657.0,233.86308643041443
658,10658.0,-346.661086404113
659,10659.0,-215.42417764503878
660,10660.0,186.66796373499992
661,10661.0,-270.78610332599385
662,10662.0,96.6537482751547
663,10663.0,-30.91247450942247
664,10664.0,94.87328072486301
665,10665.0,536.2060179237759
666,10666.0,184.66891928336727
667,10667.0,256.1618111933605
668,10668.0,-239.7963405292113
669,10669.0,-719.523694165121
670,10670.0,-417.00199229723125
671,10671.0,505.64018129090334
672,10672.0,-171.2792755776624
673,10673.0,-179.3671637085578
674,10674.0,33.239272878190455
675,10675.0,-204.49311288588652
676,10676.0,-116.42952772457348
677,10677.0,-567.6901950733367
678,10678.0,-93.68553455789257
679,10679.0,126.5409548358455
680,10680.0,-143.50306047025813
681,10681.0,-230.9189403400663
682,10682.0,-224.68954478712286
683,10683.0,441.44065777995525
684,10684.0,-437.8320863582707
685,10685.0,48.354910106531754
686,10686.0,-280.830177044128
687,10687.0,-101.5807009954853
688,10688.0,27.61890474976989
689,10689.0,-625.8478518759728
690,10690.0,326.76431227662005
691,10691.0,26.753291449508975
692,10692.0,60.71621303245856
693,10693.0,-183.0851597152573
694,10694.0,286.9799966842612
695,10695.0,300.947745335529
696,10696.0,-359.46992251596924
697,10697.0,40.77542539730803
698,10698.0,-64.8290682984857
699,10699.0,-324.7179153372737
700,10700.0,-179.9016955593149
701,10701.0,-326.6738225994589
702,10702.0,67.59389517028295
703,10703.0,-410.20586503981207
704,10704.0,-146.79763090625616
705,10705.0,-90.86280847488237
706,10706.0,240.7346870498409
707,10707.0,182.02597379012937
708,10708.0,176.13868919127296
709,10709.0,-7.370499137095342
710,10710.0,-754.1925951788342
711,10711.0,-318.6827121367229
712,10712.0,108.7963709517074
713,10713.0,-620.7764998226122
714,10714.0,-89.5367913205116
715,10715.0,-97.7425762632337
716,10716.0,148.06821044443112
717,10717.0,-0.6935737281705164
718,10718.0,689.5210340828154
719,10719.0,41.8408289653916
720,10720.0,203.57195180089593
721,10721.0,-72.70376362645602
722,10722.0,43.32539655963683
723,10723.0,-112.17604072026285
724,10724.0,195.75602516022116
725,10725.0,118.98173100350628
726,10726.0,202.04204861286217
727,10727.0,-344.73649862613297
728,10728.0,314.3140233584085
729,10729.0,300.9433014404675
730,10730.0,-308.91013645444696
731,10731.0,-229.85209778728665
732,10732.0,67.74721739595464
733,10733.0,-42.48609443635168
734,10734.0,239.3133740355937
735,10735.0,-454.25891449244386
736,10736.0,38.7861687701851
737,10737.0,137.35723998662127
738,10738.0,360.6333898979295
739,10739.0,845.4887503949471
740,10740.0,-273.96131591570213
741,10741.0,-359.1588805949668
742,10742.0,34.90161256209283
743,10743.0,-338.79839396838935
744,10744.0,320.08913143268103
745,10745.0,46.19533751189737
746,10746.0,-431.266948632205
747,10747.0,82.76560369542601
748,10748.0,427.06356746104996
749,10749.0,35.01135982046183
750,10750.0,-394.9013866936163
751,10751.0,-16.911218089072314
752,10752.0,131.04189715842114
753,10753.0,-157.90277033919554
754,10754.0,-246.44904658642403
755,10755.0,-30.18026766342591
756,10756.0,332.1006215382996
757,10757.0,211.16350685802746
758,10758.0,386.1188327470091
759,10759.0,87.63687352521926
760,10760.0,277.36819550765404
761,10761.0,540.4156496675547
762,10762.0,-313.1581794369457
763,10763.0,-449.50470374777694
764,10764.0,368.090910973912
765,10765.0,-262.8898046141437
766,10766.0,-113.94125030336596
767,10767.0,396.77098204273955
768,10768.0,-374.83206812581983
769,10769.0,-44.60857107501064
770,10770.0,118.63682034749212
771,10771.0,-273.27475924135257
772,10772.0,157.87607639831617
773,10773.0,75.94447678175516
774,10774.0,-358.486265180061
775,10775.0,-57.42204365206664
776,10776.0,-85.41989324398881
777,10777.0,-487.9805005167221
778,10778.0,37.796256659081116
779,10779.0,255.2946798411244
780,10780.0,90.91237955114308
781,10781.0,780.0015928814237
782,10782.0,-390.76415034866113
783,10783.0,190.1262401999086
784,10784.0,-127.9270358465102
785,10785.0,161.42584266246251
786,10786.0,403.3837298715847
787,10787.0,124.08813132336445
788,10788.0,-78.34791827180933
789,10789.0,-686.9307491111623
790,10790.0,-170.76078007501627
791,10791.0,-365.42129968865487
792,10792.0,-160.29245237621842
793,10793.0,509.4231889771169
794,10794.0,-53.84266975357765
795,10795.0,568.691663317737
796,10796.0,-284.99465636801597
797,10797.0,-269.8954792892511
798,10798.0,367.8220805496651
799,10799.0,208.47092314194043
800,10800.0,94.17463751371656
801,10801.0,457.16187352934435
802,10802.0,-161.08785201028888
803,10803.0,-24.240312783181924
804,10804.0,160.10341801962957
805,10805.0,41.19413279188886
806,10806.0,-595.1036377826815
807,10807.0,-54.81388033129096
808,10808.0,42.90642435611156
809,10809.0,265.94097747055383
810,10810.0,-397.7408426400498
811,10811.0,-413.1258361108103
812,10812.0,102.83017149903662
813,10813.0,7.914502760692031
814,10814.0,186.67540485130837
815,10815.0,293.82100496014164
816,10816.0,-212.00678516695882
817,10817.0,92.5710392814108
818,10818.0,-458.77557952286867
819,10819.0,288.5168150143277
820,10820.0,-344.4759461994763
821,10821.0,610.2222159580008
822,10822.0,386.51620953638974
823,10823.0,-293.9570026829834
824,10824.0,-14.533739388310805
825,10825.0,43.986886962773056
826,10826.0,57.01904422919359
827,10827.0,-357.931441230404
828,10828.0,-211.706595789184
829,10829.0,-697.1509279997642
830,10830.0,-29.420217470595503
831,10831.0,186.72547230454376
832,10832.0,-136.4901287103305
833,10833.0,651.131489771925
834,10834.0,-517.2485022315533
835,10835.0,161.26519184989428
836,10836.0,546.4198371911382
837,10837.0,-337.13225988310677
838,10838.0,182.41920961710153
839,10839.0,433.02794456899613
840,10840.0,37.64693014329568
841,10841.0,-360.1922432318107
842,10842.0,-42.7576418410274
843,10843.0,31.8788962521465
844,10844.0,313.30753273960585
845,10845.0,267.08282316799256
846,10846.0,101.86123303795141
847,10847.0,-178.55686136597566
848,10848.0,126.27047016771492
849,10849.0,-439.1663269430162
850,10850.0,-260.7952273737919
851,10851.0,306.39374335983695
852,10852.0,35.01581870586454
853,10853.0,18.258295332620023
854,10854.0,-236.1327230867009
855,10855.0,194.23953896854064
856,10856.0,228.4828485310564
857,10857.0,552.8989804274723
858,10858.0,212.50401700249128
859,10859.0,327.20855691811914
860,10860.0,-15.162567624162289
861,10861.0,64.41981993078504
862,10862.0,-44.78783070605965
863,10863.0,-193.61232808625394
864,10864.0,618.0542932397306
865,10865.0,-440.8237394438108
866,10866.0,-110.18035357183615
867,10867.0,-73.79185537925875
868,10868.0,-348.23491957148775
869,10869.0,-289.13424973939857
870,10870.0,-567.3217197212706
871,10871.0,187.46075770408547
872,10872.0,-163.07159866663778
873,10873.0,209.05762490589007
874,10874.0,-144.6965109971808
875,10875.0,-251.9492290606843
876,10876.0,246.3026826154751
877,10877.0,-259.79593179835285
878,10878.0,-251.56933202318967
879,10879.0,238.80894064119985
880,10880.0,-155.88930009954922
881,10881.0,91.16269328435405
882,10882.0,-382.8607934512475
883,10883.0,-102.45062012550267
884,10884.0,161.84462501635167
885,10885.0,-177.66125275268644
886,10886.0,-97.76723172590549
887,10887.0,167.75418835475915
888,10888.0,293.1344928508446
889,10889.0,-343.9880171112466
890,10890.0,-34.14088058468384
891,10891.0,-253.60793264001842
892,10892.0,-369.4305285207896
893,10893.0,-271.782501927294
894,10894.0,6.976756816002417
895,10895.0,-75.11006772572543
896,10896.0,254.69886816526008
897,10897.0,-193.9758790614417
898,10898.0,335.32732753534975
899,10899.0,-517.3786857109301
900,10900.0,-378.1549128034303
901,10901.0,535.5510361752899
902,10902.0,378.2382773127195
903,10903.0,235.25367631690034
904,10904.0,396.9182136068414
905,10905.0,124.6035784169325
906,10906.0,-197.71536050168913
907,10907.0,652.2445913226334
908,10908.0,221.66364900388814
909,10909.0,65.8677533930922
910,10910.0,386.98793410416386
911,10911.0,12.558079398937071
912,10912.0,-17.925819189430058
913,10913.0,86.94121245077099
914,10914.0,-205.4178991510131
915,10915.0,53.053931816860626
916,10916.0,-23.42140028494261
917,10917.0,310.6148785312577
918,10918.0,95.1636631838628
919,10919.0,-384.96174116255116
920,10920.0,-449.6714614743422
921,10921.0,87.85087290939578
922,10922.0,-97.54628739055515
923,10923.0,-124.05823604628891
924,10924.0,551.3557817502357
925,10925.0,2.349253138230326
926,10926.0,331.0392491693619
927,10927.0,-43.68582373550831
928,10928.0,-22.71038689565528
929,10929.0,222.43350304416768
930,10930.0,-162.5391539929907
931,10931.0,84.8990646256378
932,10932.0,-94.40308457675599
933,10933.0,-779.1866120590053
934,10934.0,74.71376510490107
935,10935.0,-63.60008662745039
936,10936.0,46.41767152689431
937,10937.0,652.9082927195506
938,10938.0,149.79609638895403
939,10939.0,266.8243592919837
940,10940.0,38.93716098942616
941,10941.0,456.7388510442488
942,10942.0,67.9082527882548
943,10943.0,95.30951439962159
944,10944.0,89.5337628033292
945,10945.0,-202.75632187293255
946,10946.0,-319.7054709675493
947,10947.0,-22.53371442986655
948,10948.0,-112.60311459196794
949,10949.0,-120.07224363797042
950,10950.0,90.15950612275242
951,10951.0,83.16763666710536
952,10952.0,-162.58192425283175
953,10953.0,-442.4832195844449
954,10954.0,-32.20133251851353
955,10955.0,277.2419051902064
956,10956.0,343.3110715534202
957,10957.0,101.0084981372495
958,10958.0,158.90163205860802
959,10959.0,-281.7490350265498
960,10960.0,45.75333444990211
961,10961.0,482.2425360898815
962,10962.0,-26.05585824716797
963,10963.0,259.7571892212137
964,10964.0,3.0697451695383013
965,10965.0,-78.48578432046922
966,10966.0,718.2075379916979
967,10967.0,73.80667000594893
968,10968.0,-157.38097767953664
969,10969.0,-40.69018543883899
970,10970.0,-94.62762810510927
971,10971.0,-204.7932848387242
972,10972.0,186.93759753607608
973,10973.0,284.51959578408446
974,10974.0,116.61086324691945
975,10975.0,-250.5012195099896
976,10976.0,519.2798967004156
977,10977.0,10.580594568128754
978,10978.0,-218.97332674572715
979,10979.0,352.84211227259885
980,10980.0,173.54068894379918
981,10981.0,279.71279344583013
982,10982.0,-229.287477820633
983,10983.0,-183.12383589664276
984,10984.0,-542.0479043129416
985,10985.0,-16.589840752419594
986,10986.0,-649.2777473132855
987,10987.0,294.34941252883226
988,10988.0,-250.45399970952707
989,10989.0,61.350085855171834
990,10990.0,270.07050142806037
991,10991.0,494.0912274034839
992,10992.0,262.59007823994466
993,10993.0,94.33385585854859
994,10994.0,-8.726183550469761
995,10995.0,-536.2062662174674
996,10996.0,-55.389446452612894
997,10997.0,-223.92866927190383
998,10998.0,-246.55939405271792
999,10999.0,191.1043997064922
1000,11000.0,208.09394839506183
1001,11001.0,-117.05829945012965
1002,11002.0,327.00306063139124
1003,11003.0,90.11873393246178
1004,11004.0,-191.22221672682772
1005,11005.0,74.40895107129127
1006,11006.0,314.58986630325103
1007,11007.0,-117.71053554396903
1008,11008.0,-327.5843225438677
1009,11009.0,-372.6317529259486
1010,11010.0,-235.1558007679792
1011,11011.0,-450.2445491822427
1012,11012.0,-592.2621595345007
1013,11013.0,-566.5946371958424
1014,11014.0,13.436132658177621
1015,11015.0,-44.8204846742064
1016,11016.0,-556.0649787702962
1017,11017.0,73.32623272785563
1018,11018.0,4.714965319684873
1019,11019.0,-409.348248040989
1020,11020.0,-219.94319472897968
1021,11021.0,-199.24950146498247
1022,11022.0,140.53874213447995
1023,11023.0,289.0326385792823
1024,11024.0,254.24912660848412
1025,11025.0,491.21374350073955
1026,11026.0,594.7999375712867
1027,11027.0,-105.96330414710386
1028,11028.0,64.6887433330793
1029,11029.0,77.94459764272504
1030,11030.0,78.37652778588793
1031,11031.0,-135.03749248944848
1032,11032.0,135.96021002649047
1033,11033.0,-106.55608355860934
1034,11034.0,4.410309520082716
1035,11035.0,-88.28452105133903
1036,11036.0,216.42372894242115
1037,11037.0,190.44320599768162
1038,11038.0,-401.53148734590707
1039,11039.0,-18.83265408354504
1040,11040.0,307.52385885413884
1041,11041.0,-262.03625546952617
1042,11042.0,-492.9081060160223
1043,11043.0,-212.29358563210755
1044,11044.0,324.99438940682705
1045,11045.0,-9.537588094489637
1046,11046.0,-175.26749190832405
1047,11047.0,529.2314134875026
1048,11048.0,173.97414534817344
1049,11049.0,-289.75127279411095
1050,11050.0,75.90715427770759
1051,11051.0,-13.646822804771935
1052,11052.0,44.45870513614645
1053,11053.0,-382.3321859989777
1054,11054.0,171.61339154901285
1055,11055.0,130.91947177357534
1056,11056.0,-785.3139464185796
1057,11057.0,-63.64571889460983
1058,11058.0,-27.228816138966383
1059,11059.0,461.3591821644699
1060,11060.0,-11.253431796023373
1061,11061.0,-623.7441132099711
1062,11062.0,527.5935766907797
1063,11063.0,23.283075481631194
1064,11064.0,-90.55208168844949
1065,11065.0,745.5151957339303
1066,11066.0,368.2213443301918
1067,11067.0,152.86483136079394
1068,11068.0,-223.20548076598018
1069,11069.0,367.19162696607924
1070,11070.0,201.56502731917598
1071,11071.0,652.1421255434494
1072,11072.0,22.878287486413036
1073,11073.0,-743.940709899155
1074,11074.0,-61.73090428360692
1075,11075.0,-37.91252293083184
1076,11076.0,-100.29323304940974
1077,11077.0,120.9899605645659
1078,11078.0,-116.52164606829007
1079,11079.0,26.86080997201559
1080,11080.0,14.462432455524246
1081,11081.0,-25.807088951257352
1082,11082.0,-42.18273976094867
1083,11083.0,-316.5804744054587
1084,11084.0,-271.8923858445617
1085,11085.0,99.40772602906571
1086,11086.0,-311.795593567282
1087,11087.0,146.19801748706138
1088,11088.0,15.268712993895857
1089,11089.0,201.12625207983632
1090,11090.0,146.14836718279292
1091,11091.0,80.26361233387627
1092,11092.0,-115.3658630572653
1093,11093.0,-375.0979757679672
1094,11094.0,251.6662135517552
1095,11095.0,-419.4337227176127
1096,11096.0,231.79452584862284
1097,11097.0,-375.8296203424964
1098,11098.0,-468.2013827150248
1099,11099.0,58.58136383050234
1100,11100.0,-19.413187266584117
1101,11101.0,-588.1089442602014
1102,11102.0,-151.42294379122671
1103,11103.0,-78.99650333784186
1104,11104.0,65.87100721444459
1105,11105.0,-137.30348488647468
1106,11106.0,41.38055227679428
1107,11107.0,599.3486553721707
1108,11108.0,-241.09924558746263
1109,11109.0,243.495061549337
1110,11110.0,332.9015000193021
1111,11111.0,258.3160711286595
1112,11112.0,-308.30272071106737
1113,11113.0,-402.29566634000645
1114,11114.0,140.6039757813731
1115,11115.0,128.79820269876132
1116,11116.0,-576.9854538327006
1117,11117.0,117.89449237363596
1118,11118.0,233.5078356385219
1119,11119.0,24.536760726951783
1120,11120.0,-379.35326258389586
1121,11121.0,-369.9897710579771
1122,11122.0,190.24104662211425
1123,11123.0,-306.61732104906383
1124,11124.0,-358.2511519688515
1125,11125.0,181.02937766102573
1126,11126.0,467.2483884784416
1127,11127.0,-607.0577594967618
1128,11128.0,358.8884230703868
1129,11129.0,40.63961164166538
1130,11130.0,-42.18583190086921
1131,11131.0,82.48939609322922
1132,11132.0,-257.89446576585254
1133,11133.0,141.5381775707571
1134,11134.0,-47.72560786669986
1135,11135.0,-480.7817799636105
1136,11136.0,-571.6068846389762
1137,11137.0,-153.67266834045836
1138,11138.0,-109.34205143965123
1139,11139.0,39.08541633227063
1140,11140.0,-297.4257445225436
1141,11141.0,-58.48163638735044
1142,11142.0,-242.48631061387027
1143,11143.0,-66.87007755244268
1144,11144.0,-67.78684296684642
1145,11145.0,-59.03182352908291
1146,11146.0,113.3311048078564
1147,11147.0,-23.67626320095738
1148,11148.0,-132.0476349981531
1149,11149.0,-107.92158736533786
1150,11150.0,-301.2132394310547
1151,11151.0,-105.98006247157126
1152,11152.0,-64.87807442085854
1153,11153.0,27.84982798993981
1154,11154.0,304.5166339339273
1155,11155.0,-63.88418740131545
1156,11156.0,-111.26235186344643
1157,11157.0,169.49712061541422
1158,11158.0,-609.0990057757949
1159,11159.0,-351.6614221138507
1160,11160.0,357.06374526321764
1161,11161.0,-433.83106912266214
1162,11162.0,149.48919828636846
1163,11163.0,395.2200040390634
1164,11164.0,-329.30995309797214
1165,11165.0,69.59147563251518
1166,11166.0,-161.67476289854235
1167,11167.0,315.7063672669324
1168,11168.0,-256.3604030932816
1169,11169.0,-53.778857527697404
1170,11170.0,242.25951706102725
1171,11171.0,-222.25918718006045
1172,11172.0,-163.550504097674
1173,11173.0,-246.9221799741023
1174,11174.0,-328.84813419605905
1175,11175.0,-277.27139228546054
1176,11176.0,-38.325228914437375
1177,11177.0,-79.50981581109063
1178,11178.0,134.1682128592301
1179,11179.0,493.125432861308
1180,11180.0,172.2196211293073
1181,11181.0,760.7949077274861
1182,11182.0,245.08983595746525
1183,11183.0,218.13680736397419
1184,11184.0,6.713159466719568
1185,11185.0,438.10291371341043
1186,11186.0,388.9999517614415
1187,11187.0,-155.71248050584475
1188,11188.0,488.22965805623767
1189,11189.0,140.1388426596009
1190,11190.0,-750.5901600677323
1191,11191.0,352.2480455924544
1192,11192.0,-79.3946047000115
1193,11193.0,219.55524249082282
1194,11194.0,-8.687689163558133
1195,11195.0,-249.56855599518514
1196,11196.0,178.82091447294545
1197,11197.0,83.5590338295567
1198,11198.0,33.30591977632172
1199,11199.0,-501.3011000560722
1200,11200.0,-121.2662150641452
1201,11201.0,-133.3843986405561
1202,11202.0,708.9469120830289
1203,11203.0,-265.37393941664703
1204,11204.0,-505.1361343553504
1205,11205.0,-356.4588631960262
1206,11206.0,-249.82107961777137
1207,11207.0,43.98292403939924
1208,11208.0,397.83920388284935
1209,11209.0,-244.87970520832354
1210,11210.0,-246.27154846935954
1211,11211.0,-254.14519716095108
1212,11212.0,-180.93944423916278
1213,11213.0,-350.82850529256814
1214,11214.0,133.75414657192502
1215,11215.0,-358.3200832579062
1216,11216.0,37.84307637771995
1217,11217.0,418.9873079780658
1218,11218.0,338.7845077818003
1219,11219.0,15.808908330937161
1220,11220.0,126.90646178147554
1221,11221.0,213.431352288896
1222,11222.0,315.5245150624729
1223,11223.0,-462.8937288697038
1224,11224.0,-49.453222726839115
1225,11225.0,110.89454727228869
1226,11226.0,115.4815779139893
1227,11227.0,293.77042458472164
1228,11228.0,-454.49050827033585
1229,11229.0,550.0681111318097
1230,11230.0,129.52655378139272
1231,11231.0,-86.791349814724
1232,11232.0,-34.13133378329313
1233,11233.0,21.972774958067596
1234,11234.0,246.09287861903363
1235,11235.0,-432.0221608784314
1236,11236.0,-275.4640527882216
1237,11237.0,-411.291709191833
1238,11238.0,286.5505861730128
1239,11239.0,-242.12959099641884
1240,11240.0,-165.66073392207795
1241,11241.0,7.607807145000403
1242,11242.0,-412.2941562951354
1243,11243.0,478.85988027153047
1244,11244.0,142.64150470883249
1245,11245.0,-27.40642292738994
1246,11246.0,88.3788374594125
1247,11247.0,-425.4530988263284
1248,11248.0,334.69595847222655
1249,11249.0,-573.0145118732802
1250,11250.0,-27.44724775590801
1251,11251.0,-120.31977466049595
1252,11252.0,-108.80477593920165
1253,11253.0,-346.5184333668074
1254,11254.0,-49.963079939950354
1255,11255.0,27.51985736356473
1256,11256.0,-425.1539962098657
1257,11257.0,90.22930393637668
1258,11258.0,218.14657513082975
1259,11259.0,-190.59202036350743
1260,11260.0,-137.26600062649075
1261,11261.0,-529.3794369003829
1262,11262.0,167.2265227135467
1263,11263.0,144.49388941572298
1264,11264.0,169.17305304491023
1265,11265.0,112.00409842844529
1266,11266.0,-288.03811811031227
1267,11267.0,-53.671875574125615
1268,11268.0,114.7397375549469
1269,11269.0,126.66235104869759
1270,11270.0,-498.9892261924175
1271,11271.0,197.66859300372414
1272,11272.0,162.4534299838345
1273,11273.0,-368.9999612911898
1274,11274.0,202.48480858938763
1275,11275.0,-134.67748397040037
1276,11276.0,46.47244542798446
1277,11277.0,-421.45312761217497
1278,11278.0,269.3286400602718
1279,11279.0,-538.7813572593029
1280,11280.0,-103.32491832993658
1281,11281.0,340.34695434615566
1282,11282.0,-425.5745433608417
1283,11283.0,-340.8393037526439
1284,11284.0,-126.95737734404898
1285,11285.0,-182.10098071271906
1286,11286.0,87.31838770929464
1287,11287.0,-43.83644321436118
1288,11288.0,17.09883414356593
1289,11289.0,891.2005024524487
1290,11290.0,-479.0510605751229
1291,11291.0,-54.37473599987128
1292,11292.0,-197.24635780609353
1293,11293.0,-254.40420821029352
1294,11294.0,-44.302078583918075
1295,11295.0,142.78135947960277
1296,11296.0,78.16321709055275
1297,11297.0,100.70363775023127
1298,11298.0,165.65661421923582
1299,11299.0,79.01087348602289
1300,11300.0,778.5324826493595
1301,11301.0,-353.02439073544696
1302,11302.0,-228.28065971981778
1303,11303.0,320.46424460673376
1304,11304.0,179.87109640417265
1305,11305.0,145.05004164622912
1306,11306.0,216.40550637447885
1307,11307.0,228.62971299287224
1308,11308.0,-151.54618111342845
1309,11309.0,85.18461026352166
1310,11310.0,317.0780789585049
1311,11311.0,206.79779904068684
1312,11312.0,-302.4231151655201
1313,11313.0,-752.6552216070748
1314,11314.0,645.4712509086756
1315,11315.0,-60.09894598272435
1316,11316.0,571.3630003176371
1317,11317.0,99.63184858154044
1318,11318.0,555.098960515339
1319,11319.0,190.78320453230617
1320,11320.0,-20.464254307701594
1321,11321.0,-311.5482842308128
1322,11322.0,348.29652358214685
1323,11323.0,55.409284097999425
1324,11324.0,-96.16393241575749
1325,11325.0,-190.44446830535009
1326,11326.0,181.97347598313308
1327,11327.0,-418.25064686827625
1328,11328.0,-74.4112668375757
1329,11329.0,283.0764250613851
1330,11330.0,85.10324802917167
1331,11331.0,-278.39061695692624
1332,11332.0,-66.38247077472077
1333,11333.0,191.30346504051266
1334,11334.0,146.27135529069102
1335,11335.0,-189.17468282570462
1336,11336.0,223.140094812655
1337,11337.0,-107.02997690118029
1338,11338.0,185.17509130614616
1339,11339.0,71.07816008875761
1340,11340.0,-194.3087769897016
1341,11341.0,189.38274202811806
1342,11342.0,-152.84198293029533
1343,11343.0,366.8396176600564
1344,11344.0,-19.99414562419585
1345,11345.0,724.5753587731456
1346,11346.0,32.34869877046894
1347,11347.0,89.94729948132938
1348,11348.0,-105.58524824053013
1349,11349.0,-677.6576785736049
1350,11350.0,-122.40428948053264
1351,11351.0,-524.6150138441681
1352,11352.0,374.9655323194979
1353,11353.0,-256.17668888727684
1354,11354.0,-338.51835487707024
1355,11355.0,-185.22329313297914
1356,11356.0,-137.05976579277922
1357,11357.0,430.9734575428978
1358,11358.0,344.33536052940735
1359,11359.0,237.809145089069
1360,11360.0,170.35433387296717
1361,11361.0,-279.42850809172904
1362,11362.0,-225.71617762339872
1363,11363.0,4.1645593762847035
1364,11364.0,-366.40934089413815
1365,11365.0,309.0242639931155
1366,11366.0,197.80022196286396
1367,11367.0,197.50832650901316
1368,11368.0,-295.5815837114866
1369,11369.0,275.17232295426965
1370,11370.0,138.62074838931358
1371,11371.0,-155.96476156278948
1372,11372.0,241.18824491059237
1373,11373.0,-360.79442475107226
1374,11374.0,-578.6522252239301
1375,11375.0,120.7298017915946
1376,11376.0,426.0977416787341
1377,11377.0,167.4081383346284
1378,11378.0,55.88681578620707
1379,11379.0,-84.76329231730371
1380,11380.0,98.67359098573243
1381,11381.0,368.3631652316136
1382,11382.0,-51.56378343017881
1383,11383.0,319.16116340063087
1384,11384.0,-137.7249288179255
1385,11385.0,165.77184467198967
1386,11386.0,615.9866102288796
1387,11387.0,649.9958809747695
1388,11388.0,-151.759271546472
1389,11389.0,704.5776143193038
1390,11390.0,10.993165127363914
1391,11391.0,-550.0268635188075
1392,11392.0,95.91575195422656
1393,11393.0,-368.9716831941874
1394,11394.0,-73.88266486426942
1395,11395.0,-67.22340934440942
1396,11396.0,-283.7560663979453
1397,11397.0,-365.20347466749905
1398,11398.0,-141.28719606558883
1399,11399.0,391.67641826409545
1400,11400.0,196.45245202087187
1401,11401.0,359.8959513045725
1402,11402.0,291.177151952035
1403,11403.0,60.31605233263323
1404,11404.0,345.0266477508554
1405,11405.0,-235.1749493133238
1406,11406.0,-437.4853152861059
1407,11407.0,103.594609193815
1408,11408.0,302.37419047754065
1409,11409.0,-390.6937408976248
1410,11410.0,16.63291447901894
1411,11411.0,-130.22619576417287
1412,11412.0,651.917629485198
1413,11413.0,-461.8493827522963
1414,11414.0,-190.74065344798075
1415,11415.0,352.0791001198072
1416,11416.0,46.562453030078096
1417,11417.0,320.20695609057515
1418,11418.0,272.77587065039
1419,11419.0,248.91112656724394
1420,11420.0,-80.61192592309466
1421,11421.0,-586.5394780388038
1422,11422.0,-144.19954664700617
1423,11423.0,-155.67407199432995
1424,11424.0,109.62821660189172
1425,11425.0,124.93714811671326
1426,11426.0,-263.87290811777865
1427,11427.0,-303.2037595388758
1428,11428.0,-144.84309791230322
1429,11429.0,-186.0164436448864
1430,11430.0,407.8529349695017
1431,11431.0,156.59541909009445
1432,11432.0,-81.39764902989508
1433,11433.0,-218.1083349793343
1434,11434.0,221.39504067029438
1435,11435.0,175.19901273896818
1436,11436.0,27.487970700651413
1437,11437.0,203.1759116872119
1438,11438.0,-318.26917162801624
1439,11439.0,-354.6755382033141
1440,11440.0,390.107001481307
1441,11441.0,104.08718456161851
1442,11442.0,-443.52339588344114
1443,11443.0,62.80350232433293
1444,11444.0,331.72003208028497
1445,11445.0,601.3120704926046
1446,11446.0,646.0384193417835
1447,11447.0,-108.365780991153
1448,11448.0,131.96495671029274
1449,11449.0,-10.148908778681625
1450,11450.0,-251.85409737018222
1451,11451.0,-174.0914463549754
1452,11452.0,-183.04902332292676
1453,11453.0,-133.720362413397
1454,11454.0,96.56344086881302
1455,11455.0,-129.62327583430636
1456,11456.0,-748.6308912718005
1457,11457.0,191.16183872341603
1458,11458.0,-183.439045371803
1459,11459.0,28.542377649560635
1460,11460.0,143.74706387435114
1461,11461.0,-92.89041370259795
1462,11462.0,-466.977910334616
1463,11463.0,117.3453317474158
1464,11464.0,385.4702892069669
1465,11465.0,70.23575980030033
1466,11466.0,40.57748711175812
1467,11467.0,-237.52325454034806
1468,11468.0,318.00014475404765
1469,11469.0,406.5530379285451
1470,11470.0,37.00438207807675
1471,11471.0,0.4755133512949725
1472,11472.0,-267.6932068242267
1473,11473.0,11.731956442712814
1474,11474.0,6.834429306504744
1475,11475.0,131.0900506268049
1476,11476.0,-19.770658698788367
1477,11477.0,43.39478829175771
1478,11478.0,-598.1057231161121
1479,11479.0,662.2290927258657
1480,11480.0,771.8030389602985
1481,11481.0,308.05529973641933
1482,11482.0,45.73159372647191
1483,11483.0,436.698590601684
1484,11484.0,-48.47334654751389
1485,11485.0,-292.2214633829499
1486,11486.0,-639.6226062910359
1487,11487.0,-151.69223437851437
1488,11488.0,-54.951889855472444
1489,11489.0,407.72084992015215
1490,11490.0,250.9029411566911
1491,11491.0,-172.20608571714334
1492,11492.0,-557.2155717559799
1493,11493.0,53.65760556679117
1494,11494.0,-104.4345140044359
1495,11495.0,389.5736594071733
1496,11496.0,-119.3436974633607
1497,11497.0,83.07650957117468
1498,11498.0,-84.23909498973337
1499,11499.0,-291.6048268284192
1500,11500.0,215.83201225677252
1501,11501.0,-545.6787736986262
1502,11502.0,182.93623106068293
1503,11503.0,374.90136341312854
1504,11504.0,-584.4257194991842
1505,11505.0,266.5453693621911
1506,11506.0,319.69953615038617
1507,11507.0,8.191994863954656
1508,11508.0,-383.59974571034496
1509,11509.0,322.26829646656824
1510,11510.0,399.9762450089146
1511,11511.0,-73.37155045604489
1512,11512.0,-53.215863368719845
1513,11513.0,-267.3080993041309
1514,11514.0,98.06037837013415
1515,11515.0,-720.6090568103884
1516,11516.0,-11.078957521704105
1517,11517.0,126.50448676340099
1518,11518.0,13.28764738595878
1519,11519.0,132.11598559199572
1520,11520.0,-155.95351147131456
1521,11521.0,78.93794775927763
1522,11522.0,151.392389733259
1523,11523.0,-31.985608276512753
1524,11524.0,-355.6541958205706
1525,11525.0,-145.33278905321748
1526,11526.0,-100.40275684468502
1527,11527.0,-137.4854917838821
1528,11528.0,-434.6033567238509
1529,11529.0,214.53971873486785
1530,11530.0,-326.1489951018623
1531,11531.0,270.1982273760964
1532,11532.0,75.51251919851224
1533,11533.0,61.99305488979301
1534,11534.0,87.98601074623846
1535,11535.0,-73.17489131057732
1536,11536.0,222.75120998888067
1537,11537.0,637.3391099598215
1538,11538.0,-4.783628873489558
1539,11539.0,-467.6019313786652
1540,11540.0,201.20879396326842
1541,11541.0,715.0319479488855
1542,11542.0,316.159097036966
1543,11543.0,319.91724399135967
1544,11544.0,63.529572544169866
1545,11545.0,264.47119096505
1546,11546.0,158.93713013659516
1547,11547.0,-125.86057398135814
1548,11548.0,247.45121456991978
1549,11549.0,-221.92449024603212
1550,11550.0,15.821124148126763
1551,11551.0,-68.03476341223185
1552,11552.0,364.89095678027417
1553,11553.0,-75.43736418038938
1554,11554.0,-68.19387728730344
1555,11555.0,193.2813975896503
1556,11556.0,-265.8966301976206
1557,11557.0,307.0528690296798
1558,11558.0,-376.7523394841874
1559,11559.0,436.41332150976285
1560,11560.0,-569.0391490146886
1561,11561.0,399.81769787076234
1562,11562.0,80.75816382714721
1563,11563.0,-424.07528718856526
1564,11564.0,-526.1783755151197
1565,11565.0,247.4073187820242
1566,11566.0,-507.6228789857631
1567,11567.0,240.7319430614729
1568,11568.0,174.4364606465225
1569,11569.0,291.1834414842228
1570,11570.0,-59.69989624215527
1571,11571.0,116.52394754770283
1572,11572.0,-241.98320956484287
1573,11573.0,-468.63072250451216
1574,11574.0,-187.17925321619188
1575,11575.0,-116.74210799518859
1576,11576.0,693.9974038525854
1577,11577.0,-364.7344485752205
1578,11578.0,348.2398773584711
1579,11579.0,28.39097540598809
1580,11580.0,385.3780165643065
1581,11581.0,242.567433033928
1582,11582.0,-504.96100871814446
1583,11583.0,-37.3966887215945
1584,11584.0,-146.6081715020652
1585,11585.0,-198.82301439539913
1586,11586.0,-203.66720711248885
1587,11587.0,207.1493258166627
1588,11588.0,233.38470631257107
1589,11589.0,-487.89411989416146
1590,11590.0,91.73328733965953
1591,11591.0,21.77455649258694
1592,11592.0,-3.244488394203754
1593,11593.0,-179.90210369925077
1594,11594.0,229.04675913609745
1595,11595.0,16.367418757698488
1596,11596.0,618.0603929539193
1597,11597.0,-159.77803018632216
1598,11598.0,148.1413118820716
1599,11599.0,130.81702600866652
1600,11600.0,-82.7109451876091
1601,11601.0,115.85093859777758
1602,11602.0,43.46007932805207
1603,11603.0,71.09742183654826
1604,11604.0,329.0161459487198
1605,11605.0,-445.0286934099643
1606,11606.0,63.2410178746155
1607,11607.0,131.5856315367863
1608,11608.0,-34.72298354514785
1609,11609.0,185.81741639323468
1610,11610.0,110.1716055610977
1611,11611.0,-165.85129058972151
1612,11612.0,-58.43732548989775
1613,11613.0,-78.90266672853777
1614,11614.0,218.43814662647156
1615,11615.0,-14.072954488601056
1616,11616.0,53.005627878081484
1617,11617.0,-21.276753270782233
1618,11618.0,-166.07893443394542
1619,11619.0,-313.841034112703
1620,11620.0,83.90418537594662
1621,11621.0,218.5091211227345
1622,11622.0,68.34172939340685
1623,11623.0,-189.60291428327082
1624,11624.0,119.78176709737023
1625,11625.0,572.3493826701307
1626,11626.0,162.3370123506066
1627,11627.0,285.8802801800551
1628,11628.0,-63.559664111794994
1629,11629.0,-522.1046241058928
1630,11630.0,-307.7605461872317
1631,11631.0,78.25825841295203
1632,11632.0,-199.86937760076404
1633,11633.0,-118.28200558426849
1634,11634.0,-245.15736267609267
1635,11635.0,233.65515592829195
1636,11636.0,-320.60599242907193
1637,11637.0,-455.76899609366416
1638,11638.0,-101.80431095017559
1639,11639.0,-99.03197807138112
1640,11640.0,-13.676567152682106
1641,11641.0,26.628209599434182
1642,11642.0,-455.42203678911335
1643,11643.0,-69.36793984988549
1644,11644.0,-219.3097154228414
1645,11645.0,188.6290725447459
1646,11646.0,-109.3820534165788
1647,11647.0,78.05845785032167
1648,11648.0,-395.02915654409384
1649,11649.0,-342.2190534495015
1650,11650.0,380.0724630031712
1651,11651.0,291.51669403187276
1652,11652.0,100.05386031795007
1653,11653.0,105.41596240207177
1654,11654.0,155.23063797616507
1655,11655.0,357.54124561249586
1656,11656.0,-218.08841553501057
1657,11657.0,-500.50664568935196
1658,11658.0,308.20088158034406
1659,11659.0,100.60434633688033
1660,11660.0,-107.01901839049734
1661,11661.0,-335.34256405210283
1662,11662.0,-171.44606130578947
1663,11663.0,-409.22690237847837
1664,11664.0,22.102981394797244
1665,11665.0,-50.487009456688064
1666,11666.0,-154.3016567761635
1667,11667.0,-54.02315914985763
1668,11668.0,-379.9474198091985
1669,11669.0,-71.08314141403022
1670,11670.0,-57.04503038838631
1671,11671.0,-265.92494532393357
1672,11672.0,285.3357743967935
1673,11673.0,-49.93656884234875
1674,11674.0,232.83119467629365
1675,11675.0,409.78080378763076
1676,11676.0,391.7445922701692
1677,11677.0,-52.441657233811654
1678,11678.0,26.304158686526783
1679,11679.0,199.61943785258583
1680,11680.0,286.0591478884975
1681,11681.0,6.287474580495356
1682,11682.0,-156.45165593207972
1683,11683.0,-311.0584020256297
1684,11684.0,78.65687256615844
1685,11685.0,-285.8371521416042
1686,11686.0,-330.9311699947576
1687,11687.0,342.88763088795776
1688,11688.0,-82.23807617983029
1689,11689.0,-271.5429498854475
1690,11690.0,-133.8846561541268
1691,11691.0,296.5484206181935
1692,11692.0,-236.6155322178544
1693,11693.0,287.92656242868355
1694,11694.0,657.238789322294
1695,11695.0,133.55583532980003
1696,11696.0,306.7352511089894
1697,11697.0,11.296457077046243
1698,11698.0,157.78433243387016
1699,11699.0,219.97516657491028
1700,11700.0,-9.513134790170549
1701,11701.0,384.72620455989454
1702,11702.0,-288.17206500980484
1703,11703.0,-220.8294763967234
1704,11704.0,264.55822931459835
1705,11705.0,320.1075293404723
1706,11706.0,-310.9456171164985
1707,11707.0,-133.4865376675414
1708,11708.0,-174.1468534187431
1709,11709.0,-28.171797754686978
1710,11710.0,-69.34343077836643
1711,11711.0,378.84593636563557
1712,11712.0,40.006969399870634
1713,11713.0,-160.81736508448992
1714,11714.0,-79.8333515806432
1715,11715.0,-88.47752033506573
1716,11716.0,-189.04155616825793
1717,11717.0,-340.11623024364945
1718,11718.0,356.1961705148023
1719,11719.0,-239.553533006131
1720,11720.0,52.60574511061047
1721,11721.0,280.1220116971485
1722,11722.0,265.16720916911146
1723,11723.0,168.93107250856278
1724,11724.0,-212.38399100635206
1725,11725.0,8.448515487822428
1726,11726.0,-214.76716198364082
1727,11727.0,-555.7081750810536
1728,11728.0,44.507770635523315
1729,11729.0,124.16086438451492
1730,11730.0,117.69105672920654
1731,11731.0,-7.6802375608419
1732,11732.0,176.27925993202737
1733,11733.0,86.51131774623744
1734,11734.0,-243.47792138832787
1735,11735.0,-149.8548305207343
1736,11736.0,113.73773805562008
1737,11737.0,-5.7708889254558535
1738,11738.0,666.5424720042075
1739,11739.0,-30.104593631663707
1740,11740.0,-142.00592681166927
1741,11741.0,81.67600290936252
1742,11742.0,-248.260468670966
1743,11743.0,217.56301732158468
1744,11744.0,-119.35511654919733
1745,11745.0,-635.9990350857919
1746,11746.0,275.1321526242615
1747,11747.0,235.93806252578207
1748,11748.0,-507.33699789105293
1749,11749.0,140.09937931891753
1750,11750.0,-196.21772879915545
1751,11751.0,-179.27737906043458
1752,11752.0,110.96091951582565
1753,11753.0,-317.83854125926496
1754,11754.0,339.96847064758236
1755,11755.0,-213.4304664128668
1756,11756.0,675.4553949428235
1757,11757.0,68.89904446033576
1758,11758.0,455.0259834279393
1759,11759.0,131.48258669693476
1760,11760.0,-33.88854319755477
1761,11761.0,-285.4681108298852
1762,11762.0,-243.54088225804193
1763,11763.0,250.52998993941424
1764,11764.0,-141.01164500891892
1765,11765.0,-157.06217605750766
1766,11766.0,297.8690254057223
1767,11767.0,135.59877281888058
1768,11768.0,632.8596513169824
1769,11769.0,-198.71090988388784
1770,11770.0,-54.2212948830678
1771,11771.0,-96.80282824682978
1772,11772.0,-751.6345705154224
1773,11773.0,-60.6689897925314
1774,11774.0,50.91916323452284
1775,11775.0,90.80084706443982
1776,11776.0,-17.76821667030466
1777,11777.0,-379.08359910005504
1778,11778.0,256.00650455066864
1779,11779.0,-504.50517260325677
1780,11780.0,-400.67513993576364
1781,11781.0,-9.806687276130441
1782,11782.0,167.4948343729727
1783,11783.0,-372.5379094474761
1784,11784.0,546.7907009317124
1785,11785.0,-852.9350919276519
1786,11786.0,27.808906684747612
1787,11787.0,-250.6216529164203
1788,11788.0,-415.8397313884248
1789,11789.0,-234.21667000096522
1790,11790.0,179.26658721297562
1791,11791.0,73.60053462389652
1792,11792.0,-121.5577406279393
1793,11793.0,73.98545702514107
1794,11794.0,281.9423679367669
1795,11795.0,67.46324131984262
1796,11796.0,-80.58110944138092
1797,11797.0,-263.76318902369513
1798,11798.0,-72.85356771068173
1799,11799.0,-258.6612670255491
1800,11800.0,650.9550947537067
1801,11801.0,-302.0660913428636
1802,11802.0,-676.9962283977118
1803,11803.0,-38.8848012913725
1804,11804.0,233.8794035907409
1805,11805.0,566.6258573025696
1806,11806.0,731.3044948492285
1807,11807.0,-173.12821520774816
1808,11808.0,-258.2243456785172
1809,11809.0,-364.1366691833161
1810,11810.0,-631.0714256340191
1811,11811.0,-124.63310569675922
1812,11812.0,-458.00402149195605
1813,11813.0,402.03212405514694
1814,11814.0,-59.62313083497202
1815,11815.0,348.1077776058964
1816,11816.0,109.56921961516393
1817,11817.0,78.47482785332875
1818,11818.0,-22.13108462022048
1819,11819.0,-286.7758409732771
1820,11820.0,-79.45065650505818
1821,11821.0,-516.8593869268414
1822,11822.0,772.3191967431137
1823,11823.0,447.1572610886389
1824,11824.0,-49.28652724375145
1825,11825.0,401.16062692135836
1826,11826.0,-57.05908759491306
1827,11827.0,152.3091339747139
1828,11828.0,-114.6999896158402
1829,11829.0,25.472411026271327
1830,11830.0,844.1701797804515
1831,11831.0,-481.0129965786834
1832,11832.0,-645.795173935611
1833,11833.0,-230.13569840325405
1834,11834.0,378.1159320909665
1835,11835.0,463.9295413264283
1836,11836.0,-786.1600883081103
1837,11837.0,-113.03558457090341
1838,11838.0,172.5640658411896
1839,11839.0,323.0085335413544
1840,11840.0,175.2720588071734
1841,11841.0,304.44416377081393
1842,11842.0,-133.5762595790827
1843,11843.0,238.31574291355216
1844,11844.0,-232.08543140090225
1845,11845.0,-104.49106032789548
1846,11846.0,-643.7394192283265
1847,11847.0,361.61777362890547
1848,11848.0,711.9841092557969
1849,11849.0,299.192267782354
1850,11850.0,444.1884215808016
1851,11851.0,-39.00010833251896
1852,11852.0,192.56785345609808
1853,11853.0,65.59404450976838
1854,11854.0,490.4692792668139
1855,11855.0,148.72659647664193
1856,11856.0,232.96014930233065
1857,11857.0,165.5966783150586
1858,11858.0,461.5559962765003
1859,11859.0,586.6851388403782
1860,11860.0,46.186681777834025
1861,11861.0,211.81347893412885
1862,11862.0,-254.44527817827964
1863,11863.0,160.19131972689203
1864,11864.0,-127.34065057568438
1865,11865.0,223.20012194032887
1866,11866.0,-462.60503295104456
1867,11867.0,-25.28962870044154
1868,11868.0,-294.4759648831778
1869,11869.0,-68.56405923470997
1870,11870.0,458.78768626173854
1871,11871.0,715.0909034155013
1872,11872.0,-187.35308493896662
1873,11873.0,168.1300488241004
1874,11874.0,-77.46317628599894
1875,11875.0,513.2886123188707
1876,11876.0,-393.25762671239323
1877,11877.0,199.6430159858945
1878,11878.0,82.20524574641509
1879,11879.0,904.2123328533844
1880,11880.0,3.0486352832991015
1881,11881.0,-330.574853501426
1882,11882.0,21.2097414409585
1883,11883.0,105.4797088075129
1884,11884.0,23.089228380135378
1885,11885.0,-170.50453944351437
1886,11886.0,-129.2477821756296
1887,11887.0,188.91698808007848
1888,11888.0,-239.45118365859858
1889,11889.0,-32.97965998184796
1890,11890.0,-11.544757384259928
1891,11891.0,-134.5862007343463
1892,11892.0,956.6877838014143
1893,11893.0,-51.0091478811552
1894,11894.0,-252.73238385642398
1895,11895.0,69.29113982725217
1896,11896.0,-148.61789954082414
1897,11897.0,-619.8587681783977
1898,11898.0,-620.5082977465801
1899,11899.0,-169.75075696273476
1900,11900.0,-248.2058617462013
1901,11901.0,-357.9854825680903
1902,11902.0,505.7913859400764
1903,11903.0,184.28473940352802
1904,11904.0,86.09209881935972
1905,11905.0,-269.50308599174804
1906,11906.0,247.18298572684228
1907,11907.0,43.767539699209216
1908,11908.0,-91.20198365641431
1909,11909.0,541.1894884847752
1910,11910.0,287.41917034158865
1911,11911.0,252.26345293213703
1912,11912.0,-323.9736457845674
1913,11913.0,93.50857563678244
1914,11914.0,-597.20116046494
1915,11915.0,154.75293322683882
1916,11916.0,12.982423088424326
1917,11917.0,99.80707968315755
1918,11918.0,177.1474666098201
1919,11919.0,13.58998879995368
1920,11920.0,-84.02547338261763
1921,11921.0,-7.51523598498983
1922,11922.0,286.78535718510267
1923,11923.0,813.3365267204617
1924,11924.0,388.11060277956875
1925,11925.0,-73.3364146490036
1926,11926.0,-82.2150298655157
1927,11927.0,-125.1075463030977
1928,11928.0,-97.06898151739577
1929,11929.0,-53.54518398666916
1930,11930.0,135.6341028424584
1931,11931.0,53.58296416138788
1932,11932.0,746.6131594432001
1933,11933.0,352.4651763271048
1934,11934.0,502.4868510403612
1935,11935.0,-55.91695472130499
1936,11936.0,280.5707680499285
1937,11937.0,-359.3966594177888
1938,11938.0,-494.61984071983267
1939,11939.0,111.91045771581283
1940,11940.0,529.9357251424477
1941,11941.0,213.2862443338563
1942,11942.0,-164.06879981445948
1943,11943.0,-394.13814810537684
1944,11944.0,125.45996880591358
1945,11945.0,-196.81472770997638
1946,11946.0,-86.50524843415519
1947,11947.0,-290.1446651418629
1948,11948.0,163.30601735119726
1949,11949.0,587.0037407778287
1950,11950.0,-404.64756470298676
1951,11951.0,-373.6238279817987
1952,11952.0,361.2041935901736
1953,11953.0,567.8728124203858
1954,11954.0,-21.51700753133731
1955,11955.0,445.33064743564574
1956,11956.0,402.8126202386772
1957,11957.0,241.46477420253782
1958,11958.0,-234.8369039297147
1959,11959.0,223.59353420761482
1960,11960.0,-961.0736511485342
1961,11961.0,347.5747144516513
1962,11962.0,-480.1306891173444
1963,11963.0,404.20071583207397
1964,11964.0,345.41119285047705
1965,11965.0,114.35359718327
1966,11966.0,-272.91830968930816
1967,11967.0,-168.2150457450007
1968,11968.0,-84.20402420989898
1969,11969.0,-83.67355640154169
1970,11970.0,-157.77518164581156
1971,11971.0,292.9999879257319
1972,11972.0,-732.0112057109561
1973,11973.0,172.397252963083
1974,11974.0,-607.2046499592902
1975,11975.0,-206.19683244012305
1976,11976.0,522.6946670752124
1977,11977.0,110.90314010996008
1978,11978.0,106.19780043469514
1979,11979.0,-229.00181062379434
1980,11980.0,-247.76837601644536
1981,11981.0,-16.616670294871152
1982,11982.0,243.87355751826698
1983,11983.0,-572.4998872023971
1984,11984.0,82.51096423442883
1985,11985.0,-179.71023283402187
1986,11986.0,197.80390074155383
1987,11987.0,-463.1629497241359
1988,11988.0,575.1999984759588
1989,11989.0,-50.01546477176001
1990,11990.0,-121.90981129385878
1991,11991.0,-104.23647857108713
1992,11992.0,-62.744275621482956
1993,11993.0,-326.6349279473729
1994,11994.0,-331.1599475890248
1995,11995.0,384.69598535278
1996,11996.0,494.55050797076507
1997,11997.0,-133.4762484501071
1998,11998.0,-131.25741073103458
1999,11999.0,398.2125894755376
